0.00 0.11774
0.01 0.11675
0.02 0.11576
0.03 0.11477
0.04 0.11378
0.05 0.11279
0.06 0.11180
0.07 0.11081
0.08 0.10982
0.09 0.10883
0.10 0.10785
0.11 0.10686
0.12 0.10588
0.13 0.10490
0.14 0.10392
0.15 0.10294
0.16 0.10196
0.17 0.10098
0.18 0.10001
0.19 0.09904
0.20 0.09806
0.21 0.09710
0.22 0.09613
0.23 0.09517
0.24 0.09421
0.25 0.09325
0.26 0.09229
0.27 0.09134
0.28 0.09039
0.29 0.08944
0.30 0.08850
0.31 0.08756
0.32 0.08662
0.33 0.08568
0.34 0.08475
0.35 0.08383
0.36 0.08290
0.37 0.08198
0.38 0.08106
0.39 0.08015
0.40 0.07924
0.41 0.07834
0.42 0.07744
0.43 0.07654
0.44 0.07565
0.45 0.07476
0.46 0.07388
0.47 0.07300
0.48 0.07213
0.49 0.07126
0.50 0.07039
0.51 0.06953
0.52 0.06868
0.53 0.06783
0.54 0.06698
0.55 0.06614
0.56 0.06531
0.57 0.06448
0.58 0.06365
0.59 0.06283
0.60 0.06202
0.61 0.06121
0.62 0.06041
0.63 0.05961
0.64 0.05882
0.65 0.05803
0.66 0.05725
0.67 0.05648
0.68 0.05571
0.69 0.05495
0.70 0.05419
0.71 0.05344
0.72 0.05269
0.73 0.05195
0.74 0.05122
0.75 0.05049
0.76 0.04977
0.77 0.04905
0.78 0.04834
0.79 0.04764
0.80 0.04694
0.81 0.04625
0.82 0.04557
0.83 0.04489
0.84 0.04422
0.85 0.04355
0.86 0.04289
0.87 0.04224
0.88 0.04159
0.89 0.04095
0.90 0.04031
0.91 0.03969
0.92 0.03906
0.93 0.03845
0.94 0.03784
0.95 0.03724
0.96 0.03664
0.97 0.03605
0.98 0.03546
0.99 0.03489
1.00 0.03432
1.01 0.03375
1.02 0.03319
1.03 0.03264
1.04 0.03209
1.05 0.03155
1.06 0.03102
1.07 0.03049
1.08 0.02997
1.09 0.02946
1.10 0.02895
1.11 0.02845
1.12 0.02795
1.13 0.02746
1.14 0.02698
1.15 0.02650
1.16 0.02603
1.17 0.02556
1.18 0.02510
1.19 0.02465
1.20 0.02420
1.21 0.02376
1.22 0.02332
1.23 0.02289
1.24 0.02247
1.25 0.02205
1.26 0.02164
1.27 0.02123
1.28 0.02083
1.29 0.02043
1.30 0.02004
1.31 0.01966
1.32 0.01928
1.33 0.01891
1.34 0.01854
1.35 0.01818
1.36 0.01782
1.37 0.01747
1.38 0.01712
1.39 0.01678
1.40 0.01645
1.41 0.01612
1.42 0.01579
1.43 0.01547
1.44 0.01516
1.45 0.01485
1.46 0.01454
1.47 0.01424
1.48 0.01395
1.49 0.01366
1.50 0.01337
1.51 0.01309
1.52 0.01281
1.53 0.01254
1.54 0.01227
1.55 0.01201
1.56 0.01175
1.57 0.01150
1.58 0.01125
1.59 0.01101
1.60 0.01077
1.61 0.01053
1.62 0.01030
1.63 0.01007
1.64 0.00984
1.65 0.00963
1.66 0.00941
1.67 0.00920
1.68 0.00899
1.69 0.00879
1.70 0.00858
1.71 0.00839
1.72 0.00820
1.73 0.00801
1.74 0.00782
1.75 0.00764
1.76 0.00746
1.77 0.00728
1.78 0.00711
1.79 0.00694
1.80 0.00678
1.81 0.00662
1.82 0.00646
1.83 0.00630
1.84 0.00615
1.85 0.00600
1.86 0.00586
1.87 0.00571
1.88 0.00557
1.89 0.00544
1.90 0.00530
1.91 0.00517
1.92 0.00504
1.93 0.00492
1.94 0.00479
1.95 0.00467
1.96 0.00455
1.97 0.00444
1.98 0.00432
1.99 0.00421
2.00 0.00411
2.01 0.00400
2.02 0.00390
2.03 0.00380
2.04 0.00370
2.05 0.00360
2.06 0.00351
2.07 0.00341
2.08 0.00332
2.09 0.00323
2.10 0.00315
2.11 0.00306
2.12 0.00298
2.13 0.00290
2.14 0.00282
2.15 0.00275
2.16 0.00267
2.17 0.00260
2.18 0.00253
2.19 0.00246
2.20 0.00239
2.21 0.00232
2.22 0.00226
2.23 0.00220
2.24 0.00213
2.25 0.00207
2.26 0.00202
2.27 0.00196
2.28 0.00190
2.29 0.00185
2.30 0.00180
2.31 0.00174
2.32 0.00169
2.33 0.00165
2.34 0.00160
2.35 0.00155
2.36 0.00151
2.37 0.00146
2.38 0.00142
2.39 0.00138
2.40 0.00134
2.41 0.00130
2.42 0.00126
2.43 0.00122
2.44 0.00118
2.45 0.00115
2.46 0.00111
2.47 0.00108
2.48 0.00105
2.49 0.00102
2.50 0.00098
2.51 0.00095
2.52 0.00092
2.53 0.00090
2.54 0.00087
2.55 0.00084
2.56 0.00082
2.57 0.00079
2.58 0.00076
2.59 0.00074
2.60 0.00072
2.61 0.00069
2.62 0.00067
2.63 0.00065
2.64 0.00063
2.65 0.00061
2.66 0.00059
2.67 0.00057
2.68 0.00055
2.69 0.00054
2.70 0.00052
2.71 0.00050
2.72 0.00048
2.73 0.00047
2.74 0.00045
2.75 0.00044
2.76 0.00042
2.77 0.00041
2.78 0.00040
2.79 0.00038
2.80 0.00037
2.81 0.00036
2.82 0.00035
2.83 0.00033
2.84 0.00032
2.85 0.00031
2.86 0.00030
2.87 0.00029
2.88 0.00028
2.89 0.00027
2.90 0.00026
2.91 0.00025
2.92 0.00024
2.93 0.00023
2.94 0.00023
2.95 0.00022
2.96 0.00021
2.97 0.00020
2.98 0.00020
2.99 0.00019
3.00 0.00018
3.01 0.00018
3.02 0.00017
3.03 0.00016
3.04 0.00016
3.05 0.00015
3.06 0.00015
3.07 0.00014
3.08 0.00014
3.09 0.00013
3.10 0.00013
3.11 0.00012
3.12 0.00012
3.13 0.00011
3.14 0.00011
3.15 0.00010
3.16 0.00010
3.17 0.00010
3.18 0.00009
3.19 0.00009
3.20 0.00009
3.21 0.00008
3.22 0.00008
3.23 0.00008
3.24 0.00007
3.25 0.00007
3.26 0.00007
3.27 0.00007
3.28 0.00006
3.29 0.00006
3.30 0.00006
3.31 0.00006
3.32 0.00005
3.33 0.00005
3.34 0.00005
3.35 0.00005
3.36 0.00005
3.37 0.00004
3.38 0.00004
3.39 0.00004
3.40 0.00004
3.41 0.00004
3.42 0.00004
3.43 0.00003
3.44 0.00003
3.45 0.00003
3.46 0.00003
3.47 0.00003
3.48 0.00003
3.49 0.00003
3.50 0.00003
3.51 0.00003
3.52 0.00002
3.53 0.00002
3.54 0.00002
3.55 0.00002
3.56 0.00002
3.57 0.00002
3.58 0.00002
3.59 0.00002
3.60 0.00002
3.61 0.00002
3.62 0.00002
3.63 0.00002
3.64 0.00001
3.65 0.00001
3.66 0.00001
3.67 0.00001
3.68 0.00001
3.69 0.00001
3.70 0.00001
3.71 0.00001
3.72 0.00001
3.73 0.00001
3.74 0.00001
3.75 0.00001
3.76 0.00001
3.77 0.00001
3.78 0.00001
3.79 0.00001
3.80 0.00001
3.81 0.00001
3.82 0.00001
3.83 0.00001
3.84 0.00001
3.85 0.00001
3.86 0.00001
3.87 0.00001
3.88 0.00001
3.89 0.00000
3.90 0.00000
3.91 0.00000
3.92 0.00000
3.93 0.00000
3.94 0.00000
3.95 0.00000
3.96 0.00000
3.97 0.00000
3.98 0.00000
3.99 0.00000
4.00 0.00000
4.01 0.00000
4.02 0.00000
4.03 0.00000
4.04 0.00000
4.05 0.00000
4.06 0.00000
4.07 0.00000
4.08 0.00000
4.09 0.00000
4.10 0.00000
4.11 0.00000
4.12 0.00000
4.13 0.00000
4.14 0.00000
4.15 0.00000
4.16 0.00000
4.17 0.00000
4.18 0.00000
4.19 0.00000
4.20 0.00000
4.21 0.00000
4.22 0.00000
4.23 0.00000
4.24 0.00000
4.25 0.00000
4.26 0.00000
4.27 0.00000
4.28 0.00000
4.29 0.00000
4.30 0.00000
4.31 0.00000
4.32 0.00000
4.33 0.00000
4.34 0.00000
4.35 0.00000
4.36 0.00000
4.37 0.00000
4.38 0.00000
4.39 0.00000
4.40 0.00000
4.41 0.00000
4.42 0.00000
4.43 0.00000
4.44 0.00000
4.45 0.00000
4.46 0.00000
4.47 0.00000
4.48 0.00000
4.49 0.00000
4.50 0.00000
4.51 0.00000
4.52 0.00000
4.53 0.00000
4.54 0.00000
4.55 0.00000
4.56 0.00000
4.57 0.00000
4.58 0.00000
4.59 0.00000
4.60 0.00000
4.61 0.00000
4.62 0.00000
4.63 0.00000
4.64 0.00000
4.65 0.00000
4.66 0.00000
4.67 0.00000
4.68 0.00000
4.69 0.00000
4.70 0.00000
4.71 0.00000
4.72 0.00000
4.73 0.00000
4.74 0.00000
4.75 0.00000
4.76 0.00000
4.77 0.00000
4.78 0.00000
4.79 0.00000
4.80 0.00000
4.81 0.00000
4.82 0.00000
4.83 0.00000
4.84 0.00000
4.85 0.00000
4.86 0.00000
4.87 0.00000
4.88 0.00000
4.89 0.00000
4.90 0.00000
4.91 0.00000
4.92 0.00000
4.93 0.00000
4.94 0.00000
4.95 0.00000
4.96 0.00000
4.97 0.00000
4.98 0.00000
4.99 0.00000
5.00 0.00000
